Y;X1;X2
-2277;-1461;-816
-4834;-3011;-1823
-14820;-8047;-6773
-8933;-5804;-3129
-10826;-5530;-5296
-3961;-1553;-2408
-11131;-1589;-9542
-15749;-9562;-6187
-15735;-6028;-9707
-13620;-8488;-5132
-7156;-1196;-5960
-12067;-3132;-8935
-9701;-4453;-5248
-14804;-4078;-10726
-2534;-977;-1557
-10059;-8541;-1518
-11199;-8992;-2207
-18946;-8170;-10776
-11336;-8765;-2571
-9847;-2183;-7664
-12051;-4801;-7250
-3108;-1922;-1186
-16225;-8409;-7816
-2167;-798;-1369
-9725;-8304;-1421
-4850;-1376;-3474
-8347;-4425;-3922
-9045;-6159;-2886
-11834;-2966;-8868
-11812;-2360;-9452
-11000;-6905;-4095
-12100;-3588;-8512
-11728;-966;-10762
-4794;-4125;-669
-15410;-8564;-6846
-13458;-8469;-4989
-5033;-1036;-3997
-10234;-1535;-8699
-12596;-9522;-3074
-15089;-5375;-9714
-4067;-3167;-900
-2148;-661;-1487
-8325;-2154;-6171
-3928;-1772;-2156
-7748;-3964;-3784
-12761;-8864;-3897
-15089;-7587;-7502
-18902;-9205;-9697
-8122;-6802;-1320
-12266;-8106;-4160
-15650;-7992;-7658
-9437;-6297;-3140
-13198;-4082;-9116
-14814;-4133;-10681
-10526;-9152;-1374
-7784;-6039;-1745
-18090;-8845;-9245
-16043;-10465;-5578
-14108;-7045;-7063
-5459;-1761;-3698
-12138;-9069;-3069
-3648;-2642;-1006
-3669;-1734;-1935
-6676;-6351;-325
-16354;-5794;-10560
-2639;-1598;-1041
-8864;-5089;-3775
-4522;-3507;-1015
-15527;-5634;-9893
-11318;-7493;-3825
-8574;-2808;-5766
-5410;-3078;-2332
-6760;-6310;-450
-6117;-5638;-479
-9611;-2159;-7452
-11116;-1926;-9190
-9125;-6378;-2747
-19287;-8920;-10367
-8189;-1949;-6240
-16855;-8989;-7866
-10850;-5992;-4858
-5662;-2881;-2781
-17643;-10282;-7361
-8864;-1589;-7275
-13156;-6066;-7090
-19574;-10086;-9488
-12738;-5793;-6945
-15840;-7510;-8330
-10395;-1031;-9364
-12176;-2436;-9740
-16210;-9195;-7015
-7576;-4823;-2753
-10983;-9437;-1546
-12819;-10654;-2165
-9689;-8454;-1235
-11511;-3874;-7637
-5184;-2932;-2252
-10035;-4706;-5329
-12953;-3285;-9668
-11342;-8347;-2995
-10186;-7105;-3081
-5619;-3051;-2568
-15229;-9163;-6066
-17678;-9533;-8145
-14902;-6953;-7949
-12017;-6132;-5885
-12512;-10369;-2143
-5296;-3878;-1418
-11799;-5072;-6727
-12978;-8237;-4741
-5741;-1874;-3867
-6991;-6518;-473
-14992;-7907;-7085
-14784;-6540;-8244
-12345;-4398;-7947
-12114;-6938;-5176
-12392;-3957;-8435
-9064;-8493;-571
-14344;-5936;-8408
-11020;-3519;-7501
-9357;-3096;-6261
-9275;-3874;-5401
-13375;-7962;-5413
-12773;-8725;-4048
-12110;-8585;-3525
-19826;-10139;-9687
-16731;-9251;-7480
-10906;-1797;-9109
-7028;-1743;-5285
-6363;-4157;-2206
-13029;-8398;-4631
-7535;-6872;-663
-10252;-3528;-6724
-5439;-3760;-1679
-15469;-5773;-9696
-7994;-1860;-6134
-5476;-4138;-1338
-10641;-3393;-7248
-14348;-5788;-8560
-11970;-8153;-3817
-8896;-4596;-4300
-14507;-10173;-4334
-11450;-3903;-7547
-8395;-2444;-5951
-7483;-5368;-2115
-6767;-5733;-1034
-11468;-8384;-3084
-4855;-1920;-2935
-3453;-1570;-1883
-8971;-2076;-6895
-15291;-6864;-8427
-13024;-9098;-3926
-12106;-6356;-5750
-12886;-8166;-4720
-6357;-3821;-2536
-9341;-6515;-2826
-10850;-6466;-4384
-18195;-10024;-8171
-10781;-1796;-8985
-8234;-4090;-4144
-11115;-5482;-5633
-6324;-3538;-2786
-4602;-3570;-1032
-8089;-3112;-4977
-8199;-2797;-5402
-9808;-4753;-5055
-8512;-6086;-2426
-5027;-4282;-745
-12780;-10530;-2250
-12154;-5258;-6896
-12372;-10123;-2249
-18328;-9642;-8686
-5808;-1458;-4350
-10254;-7597;-2657
-14659;-4807;-9852
-13118;-7461;-5657
-11180;-6289;-4891
-18765;-8671;-10094
-9623;-5920;-3703
-15126;-5766;-9360
-8488;-2037;-6451
-10104;-8845;-1259
-10114;-6098;-4016
-16954;-9395;-7559
-9335;-3300;-6035
-9424;-1803;-7621
-14883;-10451;-4432
-8939;-3823;-5116
-6233;-744;-5489
-20578;-10616;-9962
-13653;-10444;-3209
-11501;-10122;-1379
-19411;-9219;-10192
-8405;-5953;-2452
-15043;-4410;-10633
-16130;-6266;-9864
-11320;-3961;-7359
-13948;-4196;-9752
-19258;-10691;-8567
-2057;-1154;-903
-7005;-4063;-2942
-15376;-5751;-9625
-13869;-6430;-7439
-8510;-3917;-4593
-2861;-926;-1935
-17044;-6888;-10156
-8520;-6010;-2510
-13788;-10335;-3453
-13838;-10148;-3690
-17538;-10052;-7486
-10988;-4156;-6832
-16024;-8113;-7911
-13251;-9755;-3496
-9947;-323;-9624
-6558;-2937;-3621
-18063;-8805;-9258
-11220;-6767;-4453
-17815;-9418;-8397
-7231;-1217;-6014
-9213;-3241;-5972
-13349;-4617;-8732
-14971;-4960;-10011
-3071;-2159;-912
-13188;-3664;-9524
-15724;-5241;-10483
-17135;-7094;-10041
-18880;-9333;-9547
-14364;-4075;-10289
-15429;-5093;-10336
-10914;-1063;-9851
-6129;-751;-5378
-14426;-6150;-8276
-4545;-1267;-3278
-8696;-6569;-2127
-2548;-749;-1799
-11211;-4405;-6806
-12830;-4196;-8634
-13515;-7369;-6146
-4897;-4022;-875
-3684;-1950;-1734
-10363;-7859;-2504
-3208;-364;-2844
-13896;-5394;-8502
-18548;-8419;-10129
-11404;-1043;-10361
-11427;-9458;-1969
-7086;-5213;-1873
-8203;-2496;-5707
-12236;-6709;-5527
-11282;-881;-10401
-19092;-10326;-8766
-13165;-6342;-6823
-15046;-7164;-7882
-8670;-2529;-6141
-10030;-4895;-5135
-11581;-6059;-5522
-9753;-1806;-7947
-11093;-8048;-3045
-4617;-687;-3930
-15670;-5154;-10516
-9443;-6492;-2951
-11865;-2764;-9101
-6666;-3162;-3504
-8836;-7915;-921
-20603;-10320;-10283
-16165;-9716;-6449
-18302;-9493;-8809
-9722;-3508;-6214
-7241;-4814;-2427
-8989;-3500;-5489
-16403;-9079;-7324
-17053;-7115;-9938
-9840;-7787;-2053
-6166;-1218;-4948
-7849;-2768;-5081
-5064;-1211;-3853
-9639;-9177;-462
-6943;-2060;-4883
-6026;-1429;-4597
-9643;-8007;-1636
-11737;-3491;-8246
-6344;-4560;-1784
-12388;-4633;-7755
-12163;-9580;-2583
-13239;-3969;-9270
-6272;-5068;-1204
-11249;-6631;-4618
-17333;-10224;-7109
-17818;-10054;-7764
-9692;-8255;-1437
-15531;-8964;-6567
-7773;-3857;-3916
-15897;-7545;-8352
-4494;-740;-3754
-16737;-6891;-9846
-6459;-1091;-5368
-13860;-5363;-8497
-9569;-3799;-5770
-7905;-5507;-2398
-9231;-4703;-4528
-15513;-6166;-9347
-9626;-7559;-2067
-11217;-9521;-1696
-12628;-2090;-10538
-11093;-7046;-4047
-14728;-10174;-4554
-17110;-9413;-7697
-8676;-6707;-1969
-13980;-4885;-9095
-9650;-8881;-769
-15102;-8680;-6422
-19483;-10109;-9374
-17957;-7878;-10079
-10051;-7580;-2471
-6956;-379;-6577
-18622;-10026;-8596
-7649;-3981;-3668
-5778;-2607;-3171
-12920;-4106;-8814
-12047;-8117;-3930
-16442;-9873;-6569
-11379;-6107;-5272
-12294;-6142;-6152
-15019;-8301;-6718
-7368;-592;-6776
-6015;-4968;-1047
-5871;-2075;-3796
-9233;-6906;-2327
-11324;-4603;-6721
-15177;-7701;-7476
-9987;-2805;-7182
-12012;-7898;-4114
-14777;-4585;-10192
-15227;-9102;-6125
-15455;-8163;-7292
-20773;-10580;-10193
-11149;-7544;-3605
-12901;-5839;-7062
-9475;-4540;-4935
-15540;-6763;-8777
-3374;-2009;-1365
-16677;-9191;-7486
-4248;-949;-3299
-11889;-5522;-6367
-16423;-8790;-7633
-14190;-4286;-9904
-18583;-8978;-9605
-8011;-4587;-3424
-3699;-3301;-398
-7379;-3056;-4323
-5262;-2627;-2635
-10791;-8196;-2595
-9293;-2932;-6361
-17884;-10292;-7592
-8549;-6104;-2445
-17717;-9731;-7986
-16697;-6938;-9759
-6820;-2436;-4384
-2882;-981;-1901
-6081;-2260;-3821
-15997;-7297;-8700
-12450;-9022;-3428
-11562;-6144;-5418
-10567;-7714;-2853
-13786;-5480;-8306
-2918;-1745;-1173
-10171;-3767;-6404
-7561;-3548;-4013
-4980;-923;-4057
-19747;-9288;-10459
-10749;-1851;-8898
-8855;-6712;-2143
-17816;-9201;-8615
-15085;-7247;-7838
-17622;-7661;-9961
-10048;-1880;-8168
-13014;-8566;-4448
-11012;-4931;-6081
-16841;-9665;-7176
-19422;-10577;-8845
-11457;-9748;-1709
-10643;-5945;-4698
-12544;-10140;-2404
-7943;-6883;-1060
-14077;-5024;-9053
-7337;-5945;-1392
-2087;-1015;-1072
-6150;-1751;-4399
-9508;-8141;-1367
-11227;-6671;-4556
-11872;-9333;-2539
-10298;-6406;-3892
-6095;-4545;-1550
-16869;-8419;-8450
-17564;-10864;-6700
-5499;-1813;-3686
-3353;-1826;-1527
-7743;-3283;-4460
-11179;-9715;-1464
-19287;-8532;-10755
-3560;-2818;-742
-14504;-5090;-9414
-11507;-9082;-2425
-7788;-4115;-3673
-8623;-6011;-2612
-8913;-1949;-6964
-11768;-5966;-5802
-14526;-7717;-6809
-12972;-8360;-4612
-16683;-8877;-7806
-17453;-10376;-7077
-11265;-8474;-2791
-6763;-3331;-3432
-14051;-9427;-4624
-2586;-1220;-1366
-12707;-4106;-8601
-4311;-3217;-1094
-12334;-2907;-9427
-7899;-1397;-6502
-9350;-6665;-2685
-14161;-6837;-7324
-12509;-7530;-4979
-8540;-1962;-6578
-11424;-5726;-5698
-11110;-8397;-2713
-7472;-5050;-2422
-18911;-8772;-10139
-9945;-5480;-4465
-10540;-3008;-7532
-15364;-9581;-5783
-7771;-1554;-6217
-13068;-2387;-10681
-12636;-10542;-2094
-6149;-2956;-3193
-3871;-2245;-1626
-13288;-8818;-4470
-11045;-10318;-727
-16200;-6335;-9865
-12095;-4383;-7712
-17123;-9531;-7592
-11461;-3462;-7999
-14123;-10158;-3965
-15850;-6194;-9656
-9877;-6025;-3852
-4103;-2425;-1678
-13635;-8013;-5622
-8907;-1697;-7210
-5034;-3881;-1153
-8485;-4618;-3867
-13755;-7680;-6075
-14321;-10259;-4062
-14568;-9885;-4683
-15650;-7334;-8316
-12314;-5077;-7237
-12998;-4996;-8002
-8023;-4249;-3774
-4836;-1730;-3106
-8784;-669;-8115
-12464;-8689;-3775
-10782;-4734;-6048
-13309;-10763;-2546
-14467;-6462;-8005
-11578;-6417;-5161
-9265;-4705;-4560
-11355;-2685;-8670
-10629;-5522;-5107
-15920;-6915;-9005
-4710;-4048;-662
-11292;-2418;-8874
-19667;-9727;-9940
-11722;-8614;-3108
-9185;-6765;-2420
-10157;-7149;-3008
-7670;-3984;-3686
-14740;-8812;-5928
-15581;-7393;-8188
-3107;-2242;-865
-11336;-5839;-5497
-7455;-4671;-2784
-3620;-1504;-2116
-15198;-4786;-10412
-8152;-4389;-3763
-13785;-9151;-4634
-15697;-9144;-6553
-19821;-9763;-10058
-8379;-5302;-3077
-10734;-7627;-3107
-7590;-4466;-3124
-8169;-2790;-5379
-10737;-10207;-530
-9707;-1594;-8113
-17335;-9209;-8126
-4034;-3234;-800
-8873;-706;-8167
-17800;-8672;-9128
-11197;-7501;-3696
-10926;-7080;-3846
-12296;-6748;-5548
-9134;-7729;-1405
-10010;-4189;-5821
-16211;-9539;-6672
-7672;-2676;-4996
-9710;-6348;-3362
-14286;-10875;-3411
-10018;-5015;-5003
-11788;-9258;-2530
-3428;-2586;-842
-3459;-1503;-1956
-19345;-10329;-9016
-9278;-5275;-4003
-3126;-2335;-791
-17506;-8865;-8641
-8377;-1439;-6938
-12908;-6072;-6836
-8487;-1400;-7087
-11592;-4689;-6903
-10688;-2952;-7736
-10935;-7035;-3900
-9361;-7152;-2209
-13970;-10062;-3908
-6108;-1842;-4266
-11516;-10096;-1420
-7214;-1055;-6159
-12317;-3797;-8520
-8195;-1694;-6501
-15280;-9870;-5410
-13077;-9392;-3685
-5045;-4308;-737
-4727;-2824;-1903
-11281;-4320;-6961
-12975;-7164;-5811
-14199;-6304;-7895
-9214;-2984;-6230
-10013;-3322;-6691
-11203;-8983;-2220
-12681;-8017;-4664
-12665;-6898;-5767
-15041;-9268;-5773
-7097;-1997;-5100
-14404;-9544;-4860
-9408;-7344;-2064
-14839;-8357;-6482
-13542;-8270;-5272
-10299;-8375;-1924
-5980;-1270;-4710
-4891;-2230;-2661
-17007;-8047;-8960
-12751;-6188;-6563
-8988;-5206;-3782
-7704;-5071;-2633
-19458;-9767;-9691
-12793;-4442;-8351
-8802;-5452;-3350
-9454;-869;-8585
-4715;-3349;-1366
-9255;-5839;-3416
-2863;-1980;-883
-15146;-10393;-4753
-16151;-6348;-9803
-11587;-8820;-2767
-16030;-9885;-6145
-18907;-9939;-8968
-11636;-2726;-8910
-7634;-3273;-4361
-15330;-10590;-4740
-11153;-6621;-4532
-13198;-10511;-2687
-10103;-5190;-4913
-8569;-2269;-6300
-17170;-10014;-7156
-10557;-5974;-4583
-17182;-7599;-9583
-8815;-5545;-3270
-6548;-2211;-4337
-11230;-7085;-4145
-19119;-9461;-9658
-7577;-6824;-753
-12451;-4640;-7811
-4099;-1785;-2314
-13511;-3689;-9822
-10501;-5819;-4682
-7987;-2572;-5415
-6965;-1485;-5480
-9932;-1933;-7999
-15255;-9939;-5316
-14645;-10062;-4583
-10502;-6017;-4485
-9148;-3930;-5218
-12786;-6545;-6241
-5771;-1948;-3823
-16440;-9847;-6593
-6545;-1883;-4662
-8844;-3691;-5153
-8300;-4329;-3971
-4170;-3471;-699
-9531;-8183;-1348
-6295;-2180;-4115
-10119;-9062;-1057
-12419;-7077;-5342
-12924;-5334;-7590
-4965;-3205;-1760
-12940;-7423;-5517
-8646;-1099;-7547
-4200;-1508;-2692
-5102;-3792;-1310
-8631;-5525;-3106
-10280;-2943;-7337
-7638;-1646;-5992
-18260;-9242;-9018
-19168;-9627;-9541
-15361;-8821;-6540
-11519;-2493;-9026
-17051;-8844;-8207
-9165;-3435;-5730
-14298;-3657;-10641
-13646;-7670;-5976
-6204;-1279;-4925
-5496;-2981;-2515
-15988;-6494;-9494
-7015;-839;-6176
-7058;-1149;-5909
-11991;-9336;-2655
-8964;-7875;-1089
-6324;-5330;-994
-5795;-2773;-3022
-8323;-7138;-1185
-5106;-3506;-1600
-16751;-7347;-9404
-9415;-3365;-6050
-9887;-9229;-658
-9775;-3538;-6237
-16610;-9424;-7186
-18856;-10325;-8531
-10260;-1532;-8728
-7902;-4018;-3884
-11651;-2120;-9531
-18309;-8236;-10073
-6542;-4730;-1812
-13996;-4664;-9332
-12132;-1794;-10338
-16889;-6741;-10148
-19260;-9779;-9481
-11410;-4252;-7158
-13608;-5316;-8292
-11346;-8301;-3045
-6014;-1219;-4795
-12901;-3910;-8991
-10959;-6350;-4609
-12303;-4623;-7680
-7402;-6676;-726
-10028;-5465;-4563
-9906;-4362;-5544
-12807;-2695;-10112
-12071;-2730;-9341
-14369;-8067;-6302
-11553;-8297;-3256
-11009;-5105;-5904
-8954;-6580;-2374
-14621;-4246;-10375
-19499;-10513;-8986
-7827;-6904;-923
-13156;-2609;-10547
-13013;-5676;-7337
-9851;-4115;-5736
-10765;-3359;-7406
-12520;-4902;-7618
-12873;-8711;-4162
-11518;-2283;-9235
-10792;-1232;-9560
-18117;-7744;-10373
-9144;-5230;-3914
-7566;-3236;-4330
-11680;-7539;-4141
-15266;-4580;-10686
-9694;-8441;-1253
-10434;-4774;-5660
-10567;-3004;-7563
-12672;-4160;-8512
-9282;-5096;-4186
-16630;-7532;-9098
-11020;-8047;-2973
-8099;-5338;-2761
-16813;-8723;-8090
-7742;-6076;-1666
-15551;-6816;-8735
-15189;-8218;-6971
-8846;-1027;-7819
-7624;-3360;-4264
-9942;-5774;-4168
-4961;-1740;-3221
-2689;-916;-1773
-15111;-5181;-9930
-9930;-8313;-1617
-2541;-1313;-1228
-17038;-8092;-8946
-1634;-418;-1216
-9283;-3398;-5885
-3565;-1655;-1910
-9612;-7838;-1774
-11851;-5168;-6683
-8560;-3334;-5226
-6128;-1179;-4949
-8684;-7821;-863
-16741;-9952;-6789
-7094;-3268;-3826
-18397;-8673;-9724
-11627;-2537;-9090
-11723;-10540;-1183
-13541;-10114;-3427
-9110;-3879;-5231
-14552;-8045;-6507
-11428;-2900;-8528
-9992;-6081;-3911
-4442;-1580;-2862
-13977;-5774;-8203
-9501;-7310;-2191
-13390;-4497;-8893
-15783;-6725;-9058
-10966;-8063;-2903
-8896;-6552;-2344
-6544;-4816;-1728
-4208;-1686;-2522
-8965;-5766;-3199
-14906;-6495;-8411
-11998;-3740;-8258
-12917;-2736;-10181
-7804;-5949;-1855
-18675;-10125;-8550
-15725;-9262;-6463
-11669;-6493;-5176
-12787;-3093;-9694
-14925;-5693;-9232
-9216;-6663;-2553
-14741;-9270;-5471
-5897;-1555;-4342
-11270;-6681;-4589
-10417;-9337;-1080
-6659;-1964;-4695
-16298;-5767;-10531
-10219;-8505;-1714
-14698;-5727;-8971
-10887;-9305;-1582
-16056;-7777;-8279
-10515;-7458;-3057
-9896;-6742;-3154
-8610;-5476;-3134
-4571;-850;-3721
-7452;-6315;-1137
-12415;-6088;-6327
-9699;-7370;-2329
-11257;-7496;-3761
-15963;-6699;-9264
-9367;-3755;-5612
-12604;-5339;-7265
-5783;-2612;-3171
-20168;-10746;-9422
-19456;-9036;-10420
-15192;-4923;-10269
-11803;-9672;-2131
-16787;-6443;-10344
-15624;-7611;-8013
-9775;-7368;-2407
-13468;-5726;-7742
-6433;-2983;-3450
-4138;-2524;-1614
-15938;-7399;-8539
-5993;-3386;-2607
-11141;-3859;-7282
-16902;-9602;-7300
-6755;-1909;-4846
-6695;-5987;-708
-9396;-1797;-7599
-10676;-8571;-2105
-13776;-6434;-7342
-12838;-2801;-10037
-11059;-9100;-1959
-17071;-8047;-9024
-19004;-10574;-8430
-11063;-4657;-6406
-13529;-8884;-4645
-16142;-8201;-7941
-6992;-723;-6269
-16251;-9268;-6983
-8328;-3942;-4386
-16560;-10046;-6514
-9512;-8285;-1227
-17282;-10066;-7216
-10942;-2643;-8299
-9125;-6927;-2198
-7237;-3128;-4109
-792;-363;-429
-9678;-7238;-2440
-8659;-2954;-5705
-14527;-4576;-9951
-11191;-2896;-8295
-6128;-1298;-4830
-12390;-6965;-5425
-5570;-4377;-1193
-13668;-4089;-9579
-5417;-3357;-2060
-7176;-3660;-3516
-12348;-3911;-8437
-8438;-4238;-4200
-6884;-2087;-4797
-9858;-2144;-7714
-13435;-3306;-10129
-1859;-1263;-596
-12466;-2269;-10197
-15727;-7983;-7744
-13660;-6361;-7299
-18728;-10699;-8029
-15249;-7507;-7742
-12785;-7167;-5618
-15483;-9347;-6136
-11351;-4295;-7056
-10631;-3526;-7105
-5981;-5394;-587
-19029;-8822;-10207
-7681;-1344;-6337
-8531;-5006;-3525
-10053;-7213;-2840
-3040;-1375;-1665
-17081;-7653;-9428
-5964;-3570;-2394
-8048;-6155;-1893
-18016;-8311;-9705
-14767;-5113;-9654
-7336;-4812;-2524
-14057;-3663;-10394
-14901;-9004;-5897
-3429;-1610;-1819
-18635;-10483;-8152
-10339;-6928;-3411
-6433;-4765;-1668
-5044;-2332;-2712
-7256;-6870;-386
-10387;-4902;-5485
-12431;-9280;-3151
-12391;-6128;-6263
-6840;-1648;-5192
-9297;-816;-8481
-4629;-1771;-2858
-10211;-6465;-3746
-5255;-4656;-599
-15168;-9733;-5435
-6219;-3777;-2442
-17358;-8511;-8847
-13648;-10926;-2722
-7653;-1124;-6529
-12280;-10285;-1995
-12858;-6121;-6737
-10579;-4125;-6454
-10930;-8901;-2029
-9007;-1218;-7789
-9617;-4534;-5083
-5678;-1452;-4226
-15842;-7843;-7999
-7941;-4766;-3175
-14993;-7353;-7640
-9393;-6339;-3054
-11248;-8585;-2663
-14882;-6926;-7956
-7381;-5800;-1581
-9944;-984;-8960
-13760;-6823;-6937
-14851;-4970;-9881
-19938;-9517;-10421
-8815;-3944;-4871
-12791;-6023;-6768
-10673;-8701;-1972
-18021;-9433;-8588
-10421;-6336;-4085
-13224;-5457;-7767
-11140;-1417;-9723
-12018;-10707;-1311
-1998;-1030;-968
-5110;-573;-4537
-10175;-3864;-6311
-2474;-1542;-932
-8076;-2431;-5645
-4972;-684;-4288
-16626;-7429;-9197
-16184;-8971;-7213
-9471;-2278;-7193
-13626;-6375;-7251
-17003;-9867;-7136
-11412;-4831;-6581
-9326;-7912;-1414
-11262;-7483;-3779
-7391;-1815;-5576
-10626;-6890;-3736
-3289;-1904;-1385
-16937;-10480;-6457
-8509;-5420;-3089
-13667;-4140;-9527
-10206;-2150;-8056
-15568;-8078;-7490
-13197;-3485;-9712
-8330;-1404;-6926
-11879;-7673;-4206
-10715;-1483;-9232
-15310;-8342;-6968
-5430;-1029;-4401
-6354;-3985;-2369
-6532;-5480;-1052
-10749;-6331;-4418
-16566;-7292;-9274
-10597;-6288;-4309
-14963;-7576;-7387
-6310;-4146;-2164
-20730;-10824;-9906
-17661;-9278;-8383
-8582;-5486;-3096
-8067;-4145;-3922
-4237;-1282;-2955
-16119;-7295;-8824
-18014;-10006;-8008
-6824;-4844;-1980
-5715;-3379;-2336
-13566;-11028;-2538
-12481;-8155;-4326
-12721;-4756;-7965
-11326;-5285;-6041
-9458;-239;-9219
-7577;-2682;-4895
-12891;-5892;-6999
-14125;-10149;-3976
-15531;-9909;-5622
-4894;-905;-3989
-11452;-2186;-9266
-6410;-4053;-2357
-9285;-1932;-7353
-10464;-5106;-5358
-11884;-7184;-4700
-17561;-9896;-7665
-11145;-6455;-4690
-7937;-6616;-1321
-15670;-6377;-9293
-10354;-2731;-7623
-11974;-4146;-7828
-14026;-7730;-6296
-14641;-5522;-9119
-15223;-6362;-8861
-13258;-8018;-5240
-9171;-7475;-1696
-12861;-4491;-8370
-16557;-6639;-9918
-11427;-1152;-10275
-13550;-8827;-4723
-7025;-3745;-3280
-5396;-1450;-3946
-16406;-5750;-10656
-13329;-6988;-6341
-16199;-9852;-6347
-14205;-5294;-8911
-15475;-9044;-6431
-4450;-1686;-2764
-9658;-5536;-4122
-10059;-4643;-5416
-4364;-1660;-2704
-5377;-1920;-3457
-6143;-2722;-3421
-11314;-7298;-4016
-6105;-3715;-2390
-8213;-4160;-4053
-5387;-4697;-690
-7939;-2598;-5341
-12213;-5125;-7088
-10454;-7947;-2507
-5639;-3196;-2443
-13197;-3287;-9910
-11763;-5820;-5943
-3163;-1251;-1912
-10835;-2484;-8351
-6908;-5153;-1755
-10577;-8980;-1597
-7681;-6366;-1315
-11365;-5934;-5431
-6777;-1747;-5030
-13394;-5930;-7464
-14085;-8240;-5845
-7673;-5401;-2272
-13109;-8268;-4841
-9568;-7911;-1657
-3639;-1984;-1655
-13113;-7915;-5198
-12126;-7903;-4223
-13620;-7894;-5726
-12044;-8229;-3815
-17878;-8803;-9075
-6748;-2181;-4567
-11365;-2899;-8466
-4207;-900;-3307
-11004;-10047;-957
-11163;-2589;-8574
-12926;-8974;-3952
-9354;-7333;-2021
-10626;-3388;-7238
-10676;-4264;-6412
-13309;-8168;-5141
-4939;-752;-4187
-12701;-5861;-6840
-10027;-5350;-4677
-14871;-7767;-7104
-13886;-9854;-4032
-13324;-10155;-3169
-16361;-6917;-9444
-10630;-5572;-5058
-8041;-1956;-6085
-4382;-1869;-2513
-13499;-7623;-5876
-10614;-8747;-1867
-7097;-2083;-5014
-9831;-7865;-1966
-11641;-2449;-9192
-15493;-7823;-7670
-11166;-2724;-8442
-13120;-7746;-5374
-11962;-7620;-4342
-17426;-9751;-7675
-15985;-6962;-9023
-7528;-1490;-6038
-9388;-512;-8876
-9897;-2244;-7653
-11594;-9816;-1778
-17407;-7700;-9707
-16885;-10031;-6854
-5502;-3158;-2344
-9395;-8301;-1094
-5372;-2147;-3225
-16962;-10492;-6470
-15196;-5163;-10033
-16600;-6788;-9812
-10467;-7526;-2941
-16801;-9066;-7735
-12437;-2816;-9621
-5856;-4795;-1061
-3224;-872;-2352
-15949;-6291;-9658
-5258;-4701;-557
-14779;-9597;-5182
-6952;-6236;-716
-14331;-7894;-6437
-2590;-372;-2218
-19645;-10559;-9086
-8016;-4162;-3854
-3406;-2448;-958
-7472;-1653;-5819
-8954;-7878;-1076
-11234;-1190;-10044
-11117;-5356;-5761
-6422;-5017;-1405
-8599;-6531;-2068
-11794;-10564;-1230
-2445;-1197;-1248
-14992;-10749;-4243
-11530;-10194;-1336
-15634;-10547;-5087
-15036;-8553;-6483
-16504;-9741;-6763
-16529;-8169;-8360
-11442;-7004;-4438
-7480;-5109;-2371
-15674;-7354;-8320
-9970;-1623;-8347
-7199;-1583;-5616
-14872;-9571;-5301
-14699;-6317;-8382
-10722;-4684;-6038
-10114;-5881;-4233
-5009;-4226;-783
-14931;-8558;-6373
-19429;-10581;-8848
-11915;-5147;-6768
-12378;-6993;-5385
-1316;-607;-709
-12344;-4257;-8087
-15094;-6476;-8618
-16194;-9251;-6943
-12582;-9969;-2613
-10794;-3380;-7414
-11011;-3963;-7048
-4303;-1446;-2857
-11370;-7679;-3691
-9387;-2399;-6988
-12928;-9054;-3874
-4086;-1917;-2169
-7318;-2499;-4819
-8433;-3051;-5382
-9234;-5098;-4136
-2898;-1299;-1599
-10479;-2907;-7572
-9986;-4209;-5777
-9355;-4235;-5120
-18180;-8803;-9377
-8663;-5678;-2985
-12722;-7278;-5444
-14047;-6396;-7651
-14276;-4869;-9407
-11748;-1500;-10248
-13202;-9167;-4035
-10661;-8716;-1945
-8624;-1133;-7491
-14821;-8240;-6581
-8825;-5999;-2826
-14335;-9080;-5255
-7977;-2477;-5500
-5292;-1793;-3499
-7735;-4407;-3328
-7283;-6324;-959
-6070;-3698;-2372
-6565;-2433;-4132
-8390;-2829;-5561
-2283;-1253;-1030
-12310;-7882;-4428
-15841;-9803;-6038
-14722;-8249;-6473
-8112;-7495;-617
-4782;-2355;-2427
-11342;-3665;-7677
-8307;-5109;-3198
-6393;-4836;-1557
-8232;-3236;-4996
-6571;-3014;-3557
-12736;-3131;-9605
-19643;-9457;-10186
-10219;-1762;-8457
-20577;-10497;-10080
-16028;-8663;-7365
-3644;-1517;-2127
-8733;-3033;-5700
-11128;-7286;-3842
-15139;-8934;-6205
-13193;-3091;-10102
-12842;-7828;-5014
-6938;-1438;-5500
-12600;-3290;-9310
-8695;-1460;-7235
-11023;-3967;-7056
-13218;-2189;-11029
-6650;-2721;-3929
-16165;-7372;-8793
-9923;-6407;-3516
-9898;-211;-9687
-10916;-9726;-1190
-11262;-7638;-3624
-13099;-3344;-9755
-4833;-4333;-500
-4403;-1104;-3299
-6271;-3354;-2917
-6124;-2319;-3805
-7213;-5668;-1545
-12811;-9939;-2872
-12487;-2834;-9653
-10855;-1159;-9696
-2246;-1460;-786
-14516;-9749;-4767
-15753;-9941;-5812
-16271;-9014;-7257
-8084;-1863;-6221
-12867;-9848;-3019
-4650;-2528;-2122
-12049;-6398;-5651
-15834;-7524;-8310
-5469;-723;-4746
-6391;-2263;-4128
-10218;-3631;-6587
-11269;-2716;-8553
-17870;-9795;-8075
-4581;-2890;-1691
-3672;-1076;-2596
-8930;-2084;-6846
-12554;-7916;-4638
-12675;-4227;-8448
-17624;-7248;-10376
-12397;-6354;-6043
-6855;-4206;-2649
-18896;-9743;-9153
-19687;-9240;-10447
-11252;-9935;-1317
-12697;-6672;-6025
-9798;-3525;-6273
-13647;-3275;-10372
-10357;-6555;-3802
-14486;-8830;-5656
-8056;-2974;-5082
-15710;-5832;-9878
-9582;-8516;-1066
-1622;-874;-748
-12781;-4205;-8576
-13534;-6051;-7483
-17536;-8540;-8996
-8166;-2458;-5708
-7110;-1292;-5818
-11740;-9243;-2497
-13002;-6753;-6249
-6166;-2101;-4065
-14813;-9611;-5202
-10094;-4399;-5695
-12877;-7942;-4935
-8343;-900;-7443
-11617;-4847;-6770
-12384;-10434;-1950
-11041;-10623;-418
-14958;-7351;-7607
-11518;-10159;-1359
-8417;-2839;-5578
-10912;-8546;-2366
-5521;-1525;-3996
-18683;-10716;-7967
-13579;-9553;-4026
-12495;-7870;-4625
-5429;-1520;-3909
-4793;-2364;-2429
-16292;-7951;-8341
-15209;-7738;-7471
-9574;-2006;-7568
-13786;-10679;-3107
-12193;-8479;-3714
-12985;-8255;-4730
-10303;-5938;-4365
-5241;-4530;-711
-16363;-8377;-7986
-11284;-3202;-8082
-8464;-4174;-4290
-13923;-7477;-6446
-15117;-5729;-9388
-4301;-3201;-1100
-7762;-4310;-3452
-9089;-8335;-754
-4720;-1638;-3082
-2361;-491;-1870
-15017;-8615;-6402
-12247;-10055;-2192
-7023;-1034;-5989
-11211;-2804;-8407
-11192;-1670;-9522
-14317;-8271;-6046
-6817;-1667;-5150
-17797;-10354;-7443
-9997;-4306;-5691
-6234;-5052;-1182
-9973;-2624;-7349
-15634;-10287;-5347
-16838;-8758;-8080
-12986;-2952;-10034
-7725;-5012;-2713
-16491;-10019;-6472
-11077;-8604;-2473
-7748;-4308;-3440
-2410;-1947;-463
-7043;-2632;-4411
-9259;-6984;-2275
-10609;-2447;-8162
-11729;-8213;-3516
-10651;-7768;-2883
-15841;-5745;-10096
-13514;-3927;-9587
-1684;-1265;-419
-7919;-3075;-4844
-16595;-8079;-8516
-10774;-9575;-1199
-15255;-9945;-5310
-15229;-5874;-9355
-9788;-9126;-662
-9489;-3923;-5566
-14923;-5403;-9520
-17316;-8675;-8641
-7909;-4017;-3892
-12320;-4150;-8170
-8491;-1004;-7487
-8604;-4696;-3908
-12463;-3059;-9404
-7504;-2661;-4843
-11038;-8208;-2830
-12594;-2674;-9920
-15708;-7535;-8173
-10586;-8606;-1980
-10818;-3971;-6847
-13840;-3932;-9908
-14867;-8599;-6268
-7868;-4116;-3752
-5302;-2788;-2514
-4001;-2292;-1709
-11298;-8803;-2495
-6761;-2854;-3907
-7726;-5210;-2516
-9107;-8075;-1032
-12620;-3388;-9232
-5330;-4236;-1094
-16041;-9166;-6875
-9515;-6154;-3361
-18306;-10269;-8037
-15114;-6754;-8360
-17430;-9764;-7666
-20538;-10564;-9974
-14425;-9757;-4668
-9982;-6675;-3307
-16730;-8419;-8311
-13436;-7876;-5560
-7843;-5420;-2423
-10728;-4274;-6454
-3113;-2048;-1065
-5211;-5089;-122
-17161;-9681;-7480
-13940;-10278;-3662
-18051;-9440;-8611
-7251;-2148;-5103
-10415;-3298;-7117
-9619;-2442;-7177
-11221;-4866;-6355
-5892;-2753;-3139
-7016;-4473;-2543
-11794;-1485;-10309
-11355;-6750;-4605
-10009;-9124;-885
-7244;-6102;-1142
-10548;-5748;-4800
-18157;-7794;-10363
-2175;-989;-1186
-8614;-3068;-5546
-13120;-3858;-9262
-9388;-6035;-3353
-3970;-889;-3081
-6355;-1771;-4584
-9161;-1841;-7320
-8655;-2224;-6431
-18627;-10170;-8457
-14009;-8171;-5838
-17768;-7411;-10357
-18346;-10212;-8134
-10398;-8496;-1902
-9243;-5903;-3340
-1285;-1033;-252
-1697;-1007;-690
-552;-97;-455
-1424;-904;-520
-327;-80;-247
-1055;-703;-352
-638;-65;-573
-1924;-893;-1031
-1012;-274;-738
-1209;-170;-1039
-785;-667;-118
-892;-620;-272
-1389;-1013;-376
-1202;-583;-619
-1123;-728;-395
-757;-640;-117
-1730;-837;-893
-978;-278;-700
-898;-167;-731
-627;-345;-282
-981;-370;-611
-1306;-641;-665
-1288;-1088;-200
-1644;-1016;-628
-1216;-1015;-201
-894;-65;-829
-1245;-445;-800
-1191;-465;-726
-1034;-246;-788
-1435;-508;-927
-859;-708;-151
-1120;-597;-523
-1364;-420;-944
-1123;-549;-574
-1560;-546;-1014
-1986;-989;-997
-1022;-521;-501
-1063;-972;-91
-626;-278;-348
-401;-226;-175
-1247;-882;-365
-946;-77;-869
-690;-599;-91
-1413;-759;-654
-908;-539;-369
-1242;-703;-539
-838;-465;-373
-880;-422;-458
-1569;-569;-1000
-1274;-667;-607
-865;-394;-471
-373;-310;-63
-1587;-547;-1040
-1498;-1052;-446
-987;-508;-479
-700;-316;-384
-1508;-770;-738
-555;-222;-333
-1508;-467;-1041
-1924;-889;-1035
-1227;-506;-721
-1568;-712;-856
-1241;-408;-833
-1795;-981;-814
-535;-404;-131
-1982;-1074;-908
-327;-80;-247
-764;-366;-398
-1231;-217;-1014
-1264;-650;-614
-1393;-961;-432
-1004;-927;-77
-1686;-806;-880
-1684;-945;-739
-1215;-326;-889
-907;-363;-544
-845;-192;-653
-1229;-776;-453
-1283;-999;-284
-791;-47;-744
-392;-240;-152
-360;-25;-335
-443;-336;-107
-1003;-284;-719
-1371;-448;-923
-699;-607;-92
-455;-321;-134
-346;-253;-93
-1469;-1058;-411
-1186;-752;-434
-861;-175;-686
-936;-420;-516
-1120;-193;-927
-1253;-413;-840
-1108;-343;-765
-1308;-913;-395
-1214;-517;-697
-874;-701;-173
-839;-501;-338
-1794;-803;-991
-1017;-429;-588
-1717;-902;-815
-1557;-865;-692
-1332;-525;-807
-960;-727;-233
-1387;-512;-875
-559;-439;-120
-927;-254;-673
-1406;-998;-408
-1599;-920;-679
-1262;-1003;-259
-1197;-537;-660
-836;-688;-148
-1449;-849;-600
-1166;-178;-988
-969;-417;-552
-1193;-706;-487
-1081;-988;-93
-763;-62;-701
-648;-215;-433
-1034;-806;-228
-1135;-387;-748
-967;-772;-195
-1442;-497;-945
-1511;-940;-571
-1184;-262;-922
-1293;-823;-470
-1168;-686;-482
-1189;-858;-331
-1183;-348;-835
-984;-500;-484
-1058;-125;-933
-931;-407;-524
-924;-72;-852
-1329;-976;-353
-281;-218;-63
-1540;-1065;-475
-828;-261;-567
-1560;-570;-990
-1260;-492;-768
-387;-312;-75
-1131;-814;-317
-1225;-910;-315
-930;-296;-634
-766;-77;-689
-1576;-622;-954
-1761;-955;-806
-1383;-517;-866
-465;-194;-271
-825;-698;-127
-1075;-889;-186
-1815;-998;-817
-249;-210;-39
-1100;-394;-706
-1428;-859;-569
-1291;-582;-709
-1047;-734;-313
-1327;-1052;-275
-1037;-167;-870
-1716;-794;-922
-1054;-307;-747
-841;-172;-669
-1824;-891;-933
-780;-464;-316
-932;-693;-239
-849;-408;-441
-1221;-454;-767
-730;-677;-53
-573;-114;-459
-471;-138;-333
-1777;-980;-797
-757;-380;-377
-1032;-588;-444
-1340;-609;-731
-975;-438;-537
-905;-614;-291
-1817;-1062;-755
-1544;-882;-662
-390;-125;-265
-1599;-968;-631
-1391;-659;-732
-1530;-968;-562
-1896;-964;-932
-457;-221;-236
-1245;-495;-750
-433;-175;-258
-735;-228;-507
-956;-585;-371
-1101;-584;-517
-1271;-232;-1039
-1558;-586;-972
-1242;-613;-629
-1612;-735;-877
-1052;-495;-557
-346;-143;-203
-1922;-885;-1037
-548;-243;-305
-1171;-524;-647
-625;-406;-219
-809;-124;-685
-1386;-798;-588
-569;-245;-324
-1598;-939;-659
-1301;-520;-781
-1513;-911;-602
-1272;-841;-431
-1029;-906;-123
-1408;-930;-478
-1095;-453;-642
-1087;-792;-295
-1454;-660;-794
-1272;-971;-301
-1745;-950;-795
-1342;-675;-667
-593;-413;-180
-559;-337;-222
-1991;-1029;-962
-1461;-611;-850
-1583;-674;-909
-1506;-582;-924
-538;-385;-153
-2054;-1051;-1003
-1837;-961;-876
-1527;-704;-823
-1390;-533;-857
-460;-75;-385
-579;-395;-184
-872;-208;-664
-1239;-489;-750
-1093;-604;-489
-1732;-752;-980
-1087;-391;-696
-992;-307;-685
-1861;-957;-904
-1353;-912;-441
-1673;-796;-877
-1130;-733;-397
-1100;-911;-189
-996;-66;-930
-1335;-249;-1086
-705;-468;-237
-1286;-889;-397
-1480;-516;-964
-1133;-537;-596
-1684;-850;-834
-1438;-503;-935
-825;-682;-143
-1104;-548;-556
-1254;-489;-765
-1008;-251;-757
-861;-91;-770
-357;-137;-220
-1542;-764;-778
-1414;-480;-934
-992;-193;-799
-1026;-739;-287
-1452;-924;-528
-1118;-218;-900
-969;-153;-816
-379;-273;-106
-589;-47;-542
-1356;-776;-580
-884;-794;-90
-699;-465;-234
-1816;-879;-937
-1182;-445;-737
-859;-310;-549
-172;-123;-49
-1045;-492;-553
-980;-247;-733
-995;-567;-428
-779;-438;-341
-1298;-557;-741
-701;-636;-65
-1036;-842;-194
-1952;-1027;-925
-1202;-825;-377
-1010;-924;-86
-1292;-644;-648
-1744;-698;-1046
-1176;-410;-766
-1442;-444;-998
-1409;-861;-548
-1197;-407;-790
-1240;-317;-923
-260;-56;-204
-936;-217;-719
-815;-220;-595
-882;-180;-702
-1191;-801;-390
-1387;-769;-618
-1144;-201;-943
-1244;-1024;-220
-763;-469;-294
-1149;-664;-485
-735;-386;-349
-1138;-261;-877
-759;-557;-202
-1424;-675;-749
-1517;-639;-878
-941;-56;-885
-748;-331;-417
-1261;-454;-807
-990;-379;-611
-933;-321;-612
-895;-663;-232
-1390;-846;-544
-1447;-564;-883
-1088;-987;-101
-1410;-469;-941
-596;-374;-222
-974;-786;-188
-989;-600;-389
-671;-406;-265
-1270;-514;-756
-1092;-971;-121
-577;-254;-323
-1628;-796;-832
-762;-630;-132
-1837;-999;-838
-1281;-370;-911
-902;-205;-697
-1287;-648;-639
-1465;-564;-901
-822;-783;-39
-1758;-903;-855
-987;-228;-759
-1216;-634;-582
-1535;-851;-684
-1658;-990;-668
-1235;-642;-593
-1367;-991;-376
-493;-361;-132
-835;-590;-245
-1122;-596;-526
-1057;-315;-742
-698;-194;-504
-1566;-952;-614
-1585;-666;-919
-1185;-804;-381
-1927;-1009;-918
-1422;-539;-883
-1190;-398;-792
-1283;-460;-823
-598;-142;-456
-1545;-649;-896
-1292;-874;-418
-893;-459;-434
-1084;-456;-628
-1093;-886;-207
-1874;-1022;-852
-1192;-789;-403
-834;-42;-792
-662;-201;-461
-1145;-918;-227
-853;-717;-136
-1153;-740;-413
-1402;-871;-531
-999;-637;-362
-1289;-845;-444
-854;-395;-459
-917;-469;-448
-2001;-1016;-985
-1532;-552;-980
-1483;-706;-777
-613;-522;-91
-1552;-910;-642
-1408;-666;-742
-823;-356;-467
-1636;-1012;-624
-693;-346;-347
-1235;-271;-964
-654;-362;-292
-611;-79;-532
-1447;-785;-662
-1866;-1009;-857
-1705;-802;-903
-1183;-298;-885
-1141;-931;-210
-1795;-712;-1083
-1078;-491;-587
-643;-403;-240
-1777;-982;-795
-1621;-820;-801
-535;-122;-413
-670;-565;-105
-879;-299;-580
-580;-247;-333
-504;-401;-103
-1187;-664;-523
-485;-92;-393
-1086;-198;-888
-1677;-995;-682
-986;-607;-379
-954;-407;-547
-292;-82;-210
-1083;-556;-527
-1235;-214;-1021
-1816;-915;-901
-1306;-223;-1083
-1349;-588;-761
-501;-365;-136
-1001;-265;-736
-575;-509;-66
-1692;-879;-813
-1533;-869;-664
-919;-693;-226
-1020;-271;-749
-702;-95;-607
-1351;-662;-689
-1298;-1020;-278
-1801;-715;-1086
-1473;-730;-743
-1718;-723;-995
-1476;-728;-748
-997;-771;-226
-1202;-509;-693
-1052;-694;-358
-1048;-92;-956
-954;-499;-455
-1151;-931;-220
-949;-803;-146
-457;-117;-340
-1044;-695;-349
-367;-324;-43
-1404;-529;-875
-1320;-981;-339
-1392;-750;-642
-1285;-688;-597
-648;-203;-445
-1472;-919;-553
-1691;-873;-818
-1167;-778;-389
-1028;-173;-855
-1208;-600;-608
-714;-142;-572
-1499;-528;-971
-1066;-433;-633
-410;-92;-318
-1032;-698;-334
-1597;-855;-742
-1347;-323;-1024
-1851;-962;-889
-436;-271;-165
-744;-215;-529
-1955;-958;-997
-709;-178;-531
-1254;-509;-745
-720;-164;-556
-1858;-795;-1063
-1187;-324;-863
-1540;-541;-999
-1035;-121;-914
-555;-346;-209
-883;-642;-241
-1405;-426;-979
-1410;-420;-990
-1154;-652;-502
-924;-330;-594
-1465;-931;-534
-1498;-734;-764
-1404;-388;-1016
-1818;-833;-985
-1121;-976;-145
-1348;-987;-361
-1184;-436;-748
-1180;-812;-368
-1156;-222;-934
-1473;-439;-1034
-830;-510;-320
-707;-432;-275
-987;-37;-950
-1140;-1026;-114
-1049;-185;-864
-1408;-883;-525
-1727;-1052;-675
-677;-497;-180
-494;-339;-155
-746;-701;-45
-819;-65;-754
-1607;-944;-663
-875;-746;-129
-1237;-283;-954
-1505;-696;-809
-686;-209;-477
-882;-535;-347
-1346;-419;-927
-1280;-940;-340
-871;-586;-285
-1302;-631;-671
-1396;-1000;-396
-756;-689;-67
-1370;-998;-372
-1569;-777;-792
-1486;-924;-562
-1904;-992;-912
-1050;-85;-965
-1283;-625;-658
-999;-438;-561
-797;-113;-684
-758;-78;-680
-1649;-852;-797
-1155;-134;-1021
-940;-614;-326
-1010;-749;-261
-953;-604;-349
-774;-726;-48
-1717;-772;-945
-1489;-825;-664
-1465;-717;-748
-718;-509;-209
-879;-58;-821
-1069;-150;-919
-428;-221;-207
-1637;-927;-710
-1652;-653;-999
-1199;-689;-510
-1007;-571;-436
-1082;-558;-524
-1210;-994;-216
-727;-617;-110
-660;-263;-397
-1422;-1062;-360
-418;-43;-375
-1605;-783;-822
-1003;-724;-279
-667;-210;-457
-1054;-700;-354
-1504;-613;-891
-2042;-1066;-976
-275;-136;-139
-2056;-1022;-1034
-1612;-539;-1073
-1452;-652;-800
-1322;-1032;-290
-1979;-992;-987
-274;-75;-199
-642;-306;-336
-990;-366;-624
-310;-107;-203
-1652;-812;-840
-1364;-918;-446
-1410;-813;-597
-1160;-644;-516
-1175;-1008;-167
-307;-36;-271
-1073;-811;-262
-1808;-908;-900
-777;-570;-207
-856;-507;-349
-1678;-731;-947
-1056;-804;-252
-1016;-79;-937
-1667;-899;-768
-958;-923;-35
-1028;-307;-721
-1475;-386;-1089
-1536;-811;-725
-1530;-1032;-498
-1041;-7;-1034
-839;-382;-457
-977;-637;-340
-1354;-801;-553
-1037;-420;-617
-1737;-810;-927
-1235;-621;-614
-1230;-701;-529
-318;-175;-143
-1896;-946;-950
-1635;-976;-659
-1048;-466;-582
-979;-744;-235
-771;-670;-101
-665;-404;-261
-1553;-532;-1021
-1229;-846;-383
-1299;-757;-542
-1045;-257;-788
-1358;-723;-635
-860;-393;-467
-1394;-373;-1021
-1301;-320;-981
-1207;-316;-891
-1286;-409;-877
-862;-315;-547
-620;-209;-411
-793;-364;-429
-1864;-1002;-862
-731;-322;-409
-259;-119;-140
-1753;-777;-976
-1387;-596;-791
-1101;-673;-428
-1623;-572;-1051
-846;-752;-94
-1068;-324;-744
-2022;-925;-1097
-999;-354;-645
-1382;-649;-733
-963;-121;-842
-1782;-693;-1089
-1427;-753;-674
-269;-106;-163
-1599;-892;-707
-1043;-516;-527
-906;-196;-710
-1164;-577;-587
-1294;-803;-491
-768;-698;-70
-1488;-897;-591
-746;-528;-218
-1315;-368;-947
-761;-368;-393
-230;-20;-210
-1503;-906;-597
-1612;-685;-927
-943;-175;-768
-726;-336;-390
-330;-107;-223
-1105;-829;-276
-1603;-830;-773
-1647;-918;-729
-533;-276;-257
-630;-545;-85
-270;-101;-169
-1437;-624;-813
-1249;-392;-857
-480;-270;-210
-1655;-693;-962
-1235;-1003;-232
-1865;-801;-1064
-1077;-864;-213
-712;-295;-417
-1871;-919;-952
-264;-65;-199
-576;-172;-404
-1126;-183;-943
-1039;-165;-874
-1178;-170;-1008
-895;-463;-432
-925;-184;-741
-1781;-815;-966
-664;-323;-341
-1653;-841;-812
-1174;-464;-710
-692;-534;-158
-797;-457;-340
-439;-199;-240
-1190;-564;-626
-460;-324;-136
-1314;-771;-543
-1217;-854;-363
-1196;-600;-596
-1018;-604;-414
-1222;-340;-882
-1375;-939;-436
-1174;-834;-340
-1529;-504;-1025
-1853;-883;-970
-1123;-658;-465
-1060;-126;-934
-298;-231;-67
-1222;-829;-393
-1672;-744;-928
-739;-139;-600
-1870;-794;-1076
-1027;-562;-465
-1847;-845;-1002
-1941;-931;-1010
-1629;-889;-740
-1109;-502;-607
-1367;-842;-525
-1053;-84;-969
-1026;-672;-354
-1931;-991;-940
-1361;-300;-1061
-1186;-946;-240
-653;-195;-458
-840;-748;-92
-899;-101;-798
-120;-59;-61
-671;-405;-266
-1440;-636;-804
-1636;-789;-847
-1258;-302;-956
-284;-94;-190
-1248;-340;-908
-600;-33;-567
-1994;-1033;-961
-844;-786;-58
-907;-569;-338
-1416;-916;-500
-1221;-876;-345
-1416;-611;-805
-1807;-919;-888
-578;-252;-326
-544;-437;-107
-1647;-976;-671
-1199;-262;-937
-1762;-770;-992
-830;-635;-195
-890;-718;-172
-1153;-555;-598
-466;-313;-153
-193;-23;-170
-1914;-960;-954
-1177;-861;-316
-1405;-549;-856
-728;-99;-629
-398;-203;-195
-1356;-699;-657
-1135;-625;-510
-1614;-958;-656
-995;-865;-130
-682;-405;-277
-626;-100;-526
-746;-306;-440
-716;-285;-431
-1283;-431;-852
-504;-374;-130
-1399;-796;-603
-1219;-505;-714
-1246;-633;-613
-473;-343;-130
-889;-728;-161
-282;-57;-225
-906;-491;-415
-914;-415;-499
-1478;-736;-742
-1179;-129;-1050
-1330;-406;-924
-938;-83;-855
-1496;-1021;-475
-1008;-561;-447
-961;-726;-235
-1601;-678;-923
-786;-196;-590
-1561;-1032;-529
-1586;-571;-1015
-649;-239;-410
-1342;-336;-1006
-1577;-774;-803
-932;-237;-695
-1763;-820;-943
-1562;-518;-1044
-1103;-969;-134
-1456;-828;-628
-993;-870;-123
-1162;-916;-246
-1236;-1023;-213
-1360;-819;-541
-1208;-618;-590
-1140;-443;-697
-662;-602;-60
-941;-690;-251
-1254;-537;-717
-1534;-545;-989
-1480;-948;-532
-1792;-972;-820
-850;-726;-124
-989;-787;-202
-1701;-935;-766
-154;-95;-59
-778;-371;-407
-1634;-817;-817
-1099;-119;-980
-1414;-468;-946
-1507;-568;-939
-1071;-135;-936
-853;-506;-347
-1046;-341;-705
-1601;-974;-627
-1761;-824;-937
-990;-167;-823
-1132;-1047;-85
-1003;-512;-491
-903;-683;-220
-976;-75;-901
-936;-311;-625
-1376;-1080;-296
-1027;-209;-818
-1201;-277;-924
-943;-107;-836
-545;-259;-286
-1731;-839;-892
-1563;-909;-654
-1070;-717;-353
-1617;-850;-767
-1904;-972;-932
-1805;-833;-972
-1198;-864;-334
-780;-281;-499
-1071;-387;-684
-1101;-533;-568
-1671;-973;-698
-1984;-1027;-957
-964;-63;-901
-496;-210;-286
-745;-310;-435
-1056;-82;-974
-1439;-402;-1037
-1526;-733;-793
-1293;-649;-644
-1610;-588;-1022
-1159;-721;-438
-1323;-944;-379
-791;-472;-319
-916;-187;-729
-1218;-924;-294
-1032;-712;-320
-829;-151;-678
-1659;-964;-695
-1048;-677;-371
-1930;-905;-1025
-770;-373;-397
-566;-382;-184
-1322;-393;-929
-1454;-729;-725
-405;-97;-308
-726;-398;-328
-928;-351;-577
-688;-64;-624
-1701;-836;-865
-1111;-903;-208
-546;-290;-256
-1234;-604;-630
-923;-466;-457
-1878;-1039;-839
-1620;-1026;-594
-1512;-796;-716
-1054;-252;-802
-1457;-927;-530
-1555;-761;-794
-1237;-996;-241
-979;-670;-309
-1348;-468;-880
-982;-129;-853
-1642;-750;-892
-757;-582;-175
-1224;-696;-528
-1793;-896;-897
-1824;-1017;-807
-1465;-728;-737
-1171;-120;-1051
-1168;-781;-387
-1375;-455;-920
-1667;-872;-795
-1282;-322;-960
-1918;-852;-1066
-335;-235;-100
-884;-762;-122
-539;-270;-269
-1043;-488;-555
-1198;-229;-969
-251;-151;-100
-1599;-943;-656
-1330;-387;-943
-1114;-332;-782
-1003;-195;-808
-1796;-959;-837
-1144;-865;-279
-372;-78;-294
-805;-564;-241
-989;-543;-446
-1071;-755;-316
-1301;-975;-326
-407;-325;-82
-1529;-480;-1049
-727;-546;-181
-1460;-634;-826
-1350;-619;-731
-872;-177;-695
-849;-405;-444
-1226;-262;-964
-1033;-494;-539
-959;-784;-175
-502;-407;-95
-753;-160;-593
-882;-715;-167
-1250;-325;-925
-1230;-683;-547
-1147;-445;-702
-1153;-332;-821
-1985;-919;-1066
-1487;-700;-787
-593;-211;-382
-693;-380;-313
-623;-492;-131
-1306;-710;-596
-588;-53;-535
-1608;-846;-762
-716;-346;-370
-541;-166;-375
-1459;-523;-936
-1249;-236;-1013
-793;-416;-377
-1196;-606;-590
-512;-279;-233
-931;-539;-392
-815;-512;-303
-1271;-376;-895
-301;-200;-101
-1227;-753;-474
-1063;-573;-490
-1233;-559;-674
-1498;-647;-851
-967;-370;-597
-1615;-1053;-562
-1457;-974;-483
-659;-45;-614
-1711;-823;-888
-1121;-913;-208
-1192;-773;-419
-1870;-1006;-864
-1210;-955;-255
-1192;-339;-853
-563;-420;-143
-1048;-691;-357
-1309;-465;-844
-1298;-396;-902
-554;-335;-219
-1145;-385;-760
-1440;-422;-1018
-1576;-861;-715
-1271;-768;-503
-1168;-806;-362
-903;-347;-556
-1542;-545;-997
-166;-123;-43
-991;-746;-245
-458;-52;-406
-791;-577;-214
-843;-159;-684
-1149;-581;-568
-1234;-628;-606
-1201;-615;-586
-1218;-441;-777
-1005;-207;-798
-1339;-730;-609
-250;-129;-121
-722;-331;-391
-646;-415;-231
-585;-253;-332
-987;-499;-488
-1134;-505;-629
-1135;-179;-956
-1611;-616;-995
-1712;-1059;-653
-1342;-405;-937
-988;-764;-224
-914;-170;-744
-1715;-843;-872
-973;-103;-870
-174;-42;-132
-860;-217;-643
-1861;-1069;-792
-1446;-945;-501
-725;-505;-220
-927;-831;-96
-1561;-993;-568
-719;-559;-160
-725;-231;-494
-300;-188;-112
-967;-869;-98
-580;-351;-229
-1785;-933;-852
-1372;-416;-956
-667;-333;-334
-492;-54;-438
-1715;-758;-957
-562;-138;-424
-1582;-573;-1009
-1483;-898;-585
-1331;-840;-491
-1693;-1049;-644
-1503;-740;-763
-1647;-765;-882
-1460;-892;-568
-2072;-1024;-1048
-1276;-434;-842
-161;-96;-65
-1172;-438;-734
-938;-186;-752
-923;-825;-98
-1513;-826;-687
-1479;-576;-903
-1429;-526;-903
-1266;-283;-983
-231;-155;-76
-1150;-876;-274
-428;-147;-281
-1462;-746;-716
-1803;-742;-1061
-962;-649;-313
-829;-528;-301
-788;-528;-260
-931;-819;-112
-964;-170;-794
-1621;-750;-871
-1291;-461;-830
-1118;-706;-412
-1482;-632;-850
-1114;-625;-489
-1039;-229;-810
-1273;-688;-585
-969;-427;-542
-821;-287;-534
-894;-325;-569
-653;-583;-70
-645;-537;-108
-1006;-173;-833
-714;-82;-632
-1455;-967;-488
-633;-368;-265
-1147;-500;-647
-1497;-452;-1045
-1007;-304;-703
-333;-229;-104
-1339;-576;-763
-878;-535;-343
-1047;-442;-605
-297;-195;-102
-1830;-981;-849
-1215;-828;-387
-971;-799;-172
-1582;-513;-1069
-633;-416;-217
-170;-65;-105
-1364;-625;-739
-1319;-635;-684
-1118;-1069;-49
-936;-461;-475
-1441;-505;-936
-1292;-852;-440
-286;-143;-143
-1389;-699;-690
-1406;-813;-593
-974;-764;-210
-436;-62;-374
-929;-789;-140
-1455;-592;-863
-1249;-561;-688
-1205;-589;-616
-450;-80;-370
-570;-530;-40
-1808;-940;-868
-1665;-937;-728
-1548;-997;-551
-810;-144;-666
-851;-224;-627
-1432;-966;-466
-1103;-713;-390
-725;-156;-569
-1112;-197;-915
-1682;-903;-779
-752;-665;-87
-1188;-673;-515
-566;-374;-192
-1148;-815;-333
-1948;-850;-1098
-1451;-581;-870
-1581;-971;-610
-1311;-668;-643
-1370;-615;-755
-1457;-708;-749
-1474;-428;-1046
-887;-262;-625
-949;-133;-816
-1666;-701;-965
-1602;-753;-849
-1480;-881;-599
-1372;-373;-999
-1888;-835;-1053
-2046;-1057;-989
-1307;-290;-1017
-945;-829;-116
-1104;-440;-664
-1907;-864;-1043
-638;-502;-136
-942;-384;-558
-1044;-364;-680
-769;-613;-156
-1127;-355;-772
-1166;-942;-224
-2076;-1074;-1002
-1291;-989;-302
-1810;-865;-945
-1241;-229;-1012
-458;-50;-408
-1178;-772;-406
-919;-540;-379
-901;-593;-308
-1591;-904;-687
-935;-696;-239
-1456;-670;-786
-974;-764;-210
-1439;-661;-778
-889;-778;-111
-1149;-808;-341
-851;-307;-544
-1216;-159;-1057
-801;-429;-372
-1761;-918;-843
-890;-628;-262
-1055;-237;-818
-761;-601;-160
-1631;-784;-847
-1607;-823;-784
-550;-171;-379
-1616;-874;-742
-526;-301;-225
-1807;-879;-928
-783;-226;-557
-1981;-1055;-926
-808;-130;-678
-1447;-544;-903
-1811;-797;-1014
-1288;-199;-1089
-1393;-432;-961
-1410;-928;-482
-534;-508;-26
-1641;-650;-991
-337;-96;-241
-802;-692;-110
-564;-266;-298
-1749;-820;-929
-1281;-911;-370
-461;-211;-250
-1083;-634;-449
-1710;-764;-946
-750;-508;-242
-1077;-791;-286
-1314;-636;-678
-640;-435;-205
-808;-537;-271
-676;-79;-597
-1112;-182;-930
-618;-233;-385
-1082;-278;-804
-912;-60;-852
-1800;-889;-911
-828;-639;-189
-467;-67;-400
-1413;-646;-767
-725;-505;-220
-963;-339;-624
-1200;-639;-561
-278;-172;-106
-1626;-861;-765
-1375;-320;-1055
-491;-328;-163
-934;-249;-685
-1035;-803;-232
-738;-283;-455
-1455;-628;-827
-737;-627;-110
-1393;-303;-1090
-1103;-613;-490
-1102;-286;-816
-635;-28;-607
-1030;-349;-681
-544;-368;-176
-1252;-818;-434
-1306;-602;-704
-940;-341;-599
-1190;-1052;-138
-1094;-355;-739
-1058;-537;-521
-1219;-789;-430
-1357;-462;-895
-732;-429;-303
-1276;-323;-953
-892;-551;-341
-1100;-471;-629
-897;-338;-559
-1833;-1037;-796
-1378;-847;-531
-996;-532;-464
-1835;-874;-961
-1415;-774;-641
-447;-220;-227
-1353;-905;-448
-1256;-414;-842
-387;-125;-262
-823;-480;-343
-1197;-171;-1026
-1723;-973;-750
-1859;-889;-970
-884;-224;-660
-1594;-927;-667
-1366;-547;-819
-1853;-881;-972
-1433;-885;-548
-1576;-1014;-562
-1516;-895;-621
-1399;-1007;-392
-1187;-585;-602
-528;-97;-431
-858;-364;-494
-1070;-71;-999
-1028;-196;-832
-1526;-820;-706
-448;-394;-54
-1617;-829;-788
-1180;-752;-428
-1067;-960;-107
-767;-417;-350
-1151;-925;-226
-1489;-598;-891
-268;-133;-135
-1318;-368;-950
-1106;-681;-425
-1144;-525;-619
-628;-132;-496
-922;-864;-58
-936;-336;-600
-971;-154;-817
-1291;-394;-897
-1350;-356;-994
-983;-288;-695
-398;-158;-240
-1337;-547;-790
-1488;-855;-633
-1775;-933;-842
-1648;-690;-958
-186;-123;-63
-490;-246;-244
-1796;-790;-1006
-723;-306;-417
-1062;-889;-173
-1193;-239;-954
-1406;-1051;-355
-1244;-227;-1017
-394;-47;-347
-916;-239;-677
-717;-339;-378
-799;-286;-513
-1166;-880;-286
-1730;-847;-883
-467;-266;-201
-1636;-923;-713
-522;-433;-89
-915;-213;-702
-1043;-233;-810
-1216;-368;-848
-1540;-922;-618
-1597;-571;-1026
-1036;-585;-451
-1157;-1031;-126
-592;-316;-276
-1094;-934;-160
-1681;-903;-778
-1333;-818;-515
-1043;-212;-831
-1274;-921;-353
-1382;-409;-973
-687;-326;-361
-1554;-564;-990
-1340;-717;-623
-1112;-848;-264
-406;-226;-180
-1224;-287;-937
-659;-354;-305
-1196;-990;-206
-1062;-738;-324
-691;-310;-381
-1598;-881;-717
-1308;-315;-993
-1977;-1023;-954
-829;-428;-401
-1300;-800;-500
-1201;-241;-960
-356;-212;-144
-239;-99;-140
-1212;-539;-673
-412;-133;-279
-1440;-561;-879
-365;-253;-112
-946;-614;-332
-1884;-918;-966
-1381;-401;-980
-1140;-921;-219
-1080;-963;-117
-956;-597;-359
-883;-198;-685
-1591;-887;-704
-1996;-1059;-937
-1162;-417;-745
-1458;-942;-516
-1591;-651;-940
-1594;-1038;-556
-632;-521;-111
-487;-217;-270
-1007;-105;-902
-1333;-531;-802
-785;-242;-543
-477;-267;-210
-845;-111;-734
-881;-464;-417
-1330;-734;-596
-1678;-963;-715
-1902;-1053;-849
-929;-190;-739
-1630;-818;-812
-952;-779;-173
-1668;-688;-980
-839;-603;-236
-188;-173;-15
-869;-677;-192
-1592;-959;-633
-1305;-315;-990
-1605;-1013;-592
-1541;-885;-656
-1863;-959;-904
-1685;-644;-1041
-1867;-819;-1048
-1213;-752;-461
-1260;-1075;-185
-1055;-572;-483
-713;-306;-407
-786;-302;-484
-751;-453;-298
-798;-154;-644
-950;-774;-176
-768;-268;-500
-917;-850;-67
-1097;-322;-775
-1190;-831;-359
-1999;-1032;-967
-1384;-644;-740
-1919;-990;-929
-898;-222;-676
-1534;-521;-1013
-6;-3;-3
-12;-6;-6
-7;-4;-3
-11;-1;-10
-9;-5;-4
-13;-8;-5
-9;-1;-8
-9;-8;-1
-16;-10;-6
-6;-1;-5
-10;-8;-2
-15;-7;-8
-16;-8;-8
-11;-7;-4
-14;-7;-7
-10;-4;-6
-6;-4;-2
-18;-8;-10
-7;-2;-5
-15;-5;-10
-16;-7;-9
-10;-9;-1
-17;-9;-8
-15;-7;-8
-12;-4;-8
-8;-6;-2
-14;-5;-9
-13;-4;-9
-13;-6;-7
-13;-4;-9
-18;-8;-10
-12;-4;-8
-9;-5;-4
-8;-6;-2
-13;-4;-9
-10;-7;-3
-11;-7;-4
-19;-10;-9
-17;-8;-9
-5;-3;-2
-18;-10;-8
-10;-4;-6
-8;-7;-1
-6;-4;-2
-5;-4;-1
-17;-7;-10
-12;-10;-2
-9;-6;-3
-4;-1;-3
-18;-10;-8
-17;-7;-10
-12;-4;-8
-16;-10;-6
-5;-4;-1
-10;-5;-5
-10;-8;-2
-15;-5;-10
-10;-5;-5
-9;-3;-6
-16;-7;-9
-5;-3;-2
-10;-5;-5
-13;-9;-4
-12;-9;-3
-7;-2;-5
-10;-1;-9
-19;-9;-10
-9;-1;-8
-18;-9;-9
-9;-7;-2
-7;-2;-5
-14;-5;-9
-9;-8;-1
-7;-1;-6
-19;-9;-10
-14;-7;-7
-10;-1;-9
-12;-10;-2
-8;-2;-6
-12;-9;-3
-13;-5;-8
-11;-6;-5
-15;-10;-5
-12;-5;-7
-9;-8;-1
-13;-9;-4
-16;-9;-7
-9;-1;-8
-18;-9;-9
-8;-6;-2
-2;-1;-1
-4;-1;-3
-17;-7;-10
-16;-9;-7
-10;-7;-3
-5;-2;-3
-9;-1;-8
-9;-1;-8
-13;-5;-8
-11;-8;-3
-14;-8;-6
-6;-4;-2
-10;-2;-8
-7;-2;-5
-4;-3;-1
-8;-5;-3
-7;-2;-5
-18;-10;-8
-4;-3;-1
-10;-6;-4
-9;-4;-5
-8;-7;-1
-16;-8;-8
-4;-2;-2
-17;-10;-7
-6;-1;-5
-15;-5;-10
-17;-9;-8
-12;-9;-3
-18;-9;-9
-13;-8;-5
-18;-10;-8
-11;-7;-4
-5;-4;-1
-8;-6;-2
-7;-6;-1
-6;-5;-1
-12;-9;-3
-6;-3;-3
-7;-3;-4
-13;-4;-9
-13;-8;-5
-14;-6;-8
-11;-5;-6
-19;-10;-9
-9;-5;-4
-11;-7;-4
-7;-2;-5
-10;-3;-7
-13;-8;-5
-13;-9;-4
-12;-8;-4
-10;-4;-6
-15;-9;-6
-18;-8;-10
-12;-10;-2
-9;-4;-5
-20;-10;-10
-6;-1;-5
-9;-7;-2
-14;-4;-10
-16;-6;-10
-5;-3;-2
-6;-4;-2
-5;-2;-3
-9;-2;-7
-6;-4;-2
-7;-6;-1
-13;-8;-5
-10;-7;-3
-12;-8;-4
-11;-6;-5
-5;-1;-4
-8;-1;-7
-17;-8;-9
-18;-10;-8
-17;-10;-7
-13;-7;-6
-10;-5;-5
-8;-4;-4
-11;-8;-3
-14;-8;-6
-10;-3;-7
-9;-2;-7
-13;-7;-6
-12;-3;-9
-9;-3;-6
-13;-9;-4
-11;-4;-7
-3;-2;-1
-7;-6;-1
-14;-7;-7
-12;-4;-8
-10;-2;-8
-17;-9;-8
-11;-1;-10
-11;-10;-1
-13;-8;-5
-17;-7;-10
-11;-1;-10
-12;-3;-9
-15;-8;-7
-12;-10;-2
-4;-1;-3
-18;-10;-8
-6;-5;-1
-13;-4;-9
-7;-5;-2
-10;-8;-2
-9;-8;-1
-16;-7;-9
-7;-2;-5
-4;-2;-2
-7;-2;-5
-6;-2;-4
-16;-10;-6
-14;-9;-5
-13;-9;-4
-12;-9;-3
-18;-9;-9
-10;-9;-1
-9;-4;-5
-9;-6;-3
-11;-7;-4
-9;-4;-5
-5;-1;-4
-15;-6;-9
-17;-7;-10
-9;-6;-3
-10;-6;-4
-12;-6;-6
-14;-7;-7
-6;-1;-5
-11;-10;-1
-13;-3;-10
-14;-4;-10
-8;-1;-7
-17;-9;-8
-5;-4;-1
-12;-9;-3
-12;-8;-4
-8;-7;-1
-14;-10;-4
-17;-9;-8
-11;-5;-6
-13;-4;-9
-9;-4;-5
-6;-1;-5
-5;-3;-2
-11;-3;-8
-11;-10;-1
-9;-2;-7
-12;-3;-9
-17;-8;-9
-15;-10;-5
-17;-9;-8
-4;-1;-3
-12;-9;-3
-17;-9;-8
-13;-8;-5
-17;-9;-8
-10;-3;-7
-13;-9;-4
-8;-1;-7
-13;-4;-9
-19;-9;-10
-2;-1;-1
-19;-10;-9
-7;-1;-6
-10;-6;-4
-4;-2;-2
-8;-4;-4
-19;-10;-9
-12;-4;-8
-14;-10;-4
-14;-10;-4
-9;-7;-2
-4;-2;-2
-12;-2;-10
-9;-6;-3
-11;-1;-10
-12;-10;-2
-8;-5;-3
-7;-5;-2
-8;-5;-3
-10;-6;-4
-8;-7;-1
-8;-6;-2
-4;-1;-3
-15;-5;-10
-10;-9;-1
-8;-3;-5
-14;-4;-10
-20;-10;-10
-13;-3;-10
-20;-10;-10
-12;-9;-3
-8;-5;-3
-18;-9;-9
-13;-9;-4
-17;-7;-10
-13;-9;-4
-15;-9;-6
-16;-6;-10
-15;-10;-5
-15;-5;-10
-9;-3;-6
-16;-9;-7
-12;-4;-8
-10;-6;-4
-8;-1;-7
-12;-6;-6
-11;-7;-4
-8;-1;-7
-18;-9;-9
-15;-9;-6
-7;-4;-3
-6;-3;-3
-11;-10;-1
-8;-5;-3
-17;-7;-10
-20;-10;-10
-11;-3;-8
-5;-2;-3
-3;-1;-2
-12;-5;-7
-5;-2;-3
-10;-7;-3
-18;-8;-10
-9;-8;-1
-14;-8;-6
-12;-10;-2
-4;-3;-1
-6;-3;-3
-14;-4;-10
-9;-1;-8
-4;-1;-3
-18;-10;-8
-15;-10;-5
-7;-2;-5
-11;-8;-3
-9;-4;-5
-10;-7;-3
-10;-4;-6
-8;-6;-2
-15;-9;-6
-16;-6;-10
-14;-8;-6
-14;-8;-6
-9;-2;-7
-10;-4;-6
-18;-8;-10
-13;-8;-5
-14;-9;-5
-12;-5;-7
-5;-2;-3
-7;-1;-6
-11;-7;-4
-17;-9;-8
-9;-5;-4
-15;-8;-7
-6;-1;-5
-12;-3;-9
-15;-6;-9
-16;-6;-10
-12;-4;-8
-12;-3;-9
-11;-2;-9
-10;-2;-8
-5;-3;-2
-11;-5;-6
-17;-9;-8
-9;-1;-8
-6;-5;-1
-16;-8;-8
-16;-10;-6
-19;-10;-9
-11;-4;-7
-4;-1;-3
-2;-1;-1
-10;-5;-5
-15;-9;-6
-9;-8;-1
-7;-2;-5
-11;-10;-1
-7;-4;-3
-3;-1;-2
-12;-8;-4
-11;-9;-2
-4;-3;-1
-9;-6;-3
-5;-2;-3
-12;-4;-8
-10;-5;-5
-11;-6;-5
-7;-4;-3
-11;-5;-6
-13;-7;-6
-11;-2;-9
-11;-10;-1
-9;-5;-4
-10;-6;-4
-10;-5;-5
-6;-5;-1
-8;-6;-2
-15;-10;-5
-16;-7;-9
-7;-1;-6
-7;-5;-2
-13;-6;-7
-4;-1;-3
-11;-6;-5
-16;-9;-7
-9;-2;-7
-13;-9;-4
-10;-4;-6
-12;-10;-2
-17;-9;-8
-11;-2;-9
-18;-10;-8
-10;-2;-8
-8;-1;-7
-11;-6;-5
-17;-8;-9
-12;-2;-10
-10;-9;-1
-8;-5;-3
-13;-8;-5
-13;-4;-9
-12;-7;-5
-11;-8;-3
-5;-3;-2
-5;-1;-4
-12;-2;-10
-16;-10;-6
-9;-4;-5
-15;-10;-5
-7;-3;-4
-10;-7;-3
-15;-7;-8
-12;-3;-9
-8;-4;-4
-10;-6;-4
-12;-8;-4
-8;-5;-3
-17;-9;-8
-16;-7;-9
-7;-1;-6
-11;-6;-5
-9;-8;-1
-17;-9;-8
-13;-9;-4
-8;-2;-6
-17;-10;-7
-9;-8;-1
-6;-1;-5
-5;-4;-1
-9;-2;-7
-13;-3;-10
-14;-9;-5
-11;-6;-5
-13;-9;-4
-13;-5;-8
-8;-2;-6
-11;-2;-9
-10;-5;-5
-17;-8;-9
-15;-8;-7
-18;-8;-10
-3;-2;-1
-14;-7;-7
-3;-2;-1
-13;-5;-8
-13;-7;-6
-11;-1;-10
-5;-4;-1
-14;-9;-5
-8;-6;-2
-11;-8;-3
-10;-5;-5
-12;-4;-8
-9;-8;-1
-9;-2;-7
-10;-7;-3
-14;-8;-6
-11;-6;-5
-7;-2;-5
-17;-9;-8
-7;-1;-6
-11;-10;-1
-18;-9;-9
-13;-10;-3
-15;-8;-7
-13;-5;-8
-10;-3;-7
-7;-3;-4
-15;-6;-9
-16;-8;-8
-20;-10;-10
-11;-3;-8
-7;-1;-6
-8;-2;-6
-4;-3;-1
-11;-6;-5
-9;-5;-4
-13;-10;-3
-16;-7;-9
-14;-9;-5
-12;-10;-2
-10;-5;-5
-12;-3;-9
-12;-6;-6
-13;-5;-8
-14;-10;-4
-12;-6;-6
-11;-1;-10
-14;-10;-4
-10;-9;-1
-14;-5;-9
-14;-8;-6
-13;-4;-9
-3;-1;-2
-19;-10;-9
-6;-2;-4
-7;-5;-2
-20;-10;-10
-15;-9;-6
-16;-9;-7
-7;-5;-2
-12;-5;-7
-9;-5;-4
-10;-7;-3
-11;-2;-9
-17;-9;-8
-7;-1;-6
-17;-10;-7
-6;-4;-2
-4;-2;-2
-12;-9;-3
-11;-9;-2
-3;-2;-1
-13;-4;-9
-10;-1;-9
-14;-9;-5
-17;-8;-9
-9;-5;-4
-14;-6;-8
-7;-2;-5
-9;-1;-8
-6;-3;-3
-14;-7;-7
-16;-9;-7
-17;-7;-10
-9;-6;-3
-3;-2;-1
-15;-8;-7
-7;-2;-5
-16;-8;-8
-16;-9;-7
-6;-1;-5
-14;-10;-4
-10;-7;-3
-15;-6;-9
-15;-10;-5
-5;-2;-3
-11;-7;-4
-7;-2;-5
-13;-9;-4
-7;-6;-1
-11;-1;-10
-15;-6;-9
-13;-6;-7
-10;-3;-7
-15;-8;-7
-13;-8;-5
-6;-5;-1
-10;-6;-4
-12;-5;-7
-3;-2;-1
-13;-7;-6
-9;-8;-1
-10;-3;-7
-15;-10;-5
-8;-6;-2
-15;-10;-5
-12;-6;-6
-7;-4;-3
-11;-1;-10
-12;-3;-9
-10;-6;-4
-10;-8;-2
-13;-4;-9
-13;-5;-8
-13;-8;-5
-14;-8;-6
-12;-2;-10
-5;-1;-4
-16;-7;-9
-3;-2;-1
-12;-10;-2
-10;-8;-2
-7;-6;-1
-16;-6;-10
-7;-3;-4
-9;-6;-3
-14;-4;-10
-16;-10;-6
-10;-6;-4
-12;-9;-3
-7;-5;-2
-10;-7;-3
-10;-9;-1
-15;-10;-5
-8;-1;-7
-13;-9;-4
-11;-5;-6
-7;-5;-2
-9;-3;-6
-10;-1;-9
-7;-6;-1
-10;-7;-3
-20;-10;-10
-18;-10;-8
-11;-1;-10
-11;-5;-6
-17;-9;-8
-13;-5;-8
-13;-3;-10
-15;-9;-6
-7;-1;-6
-7;-1;-6
-14;-9;-5
-7;-4;-3
-8;-1;-7
-13;-4;-9
-6;-5;-1
-10;-3;-7
-8;-1;-7
-12;-2;-10
-9;-8;-1
-5;-3;-2
-9;-8;-1
-7;-5;-2
-10;-6;-4
-7;-4;-3
-18;-10;-8
-8;-6;-2
-12;-6;-6
-11;-9;-2
-7;-3;-4
-15;-5;-10
-8;-5;-3
-15;-6;-9
-10;-7;-3
-6;-2;-4
-3;-1;-2
-12;-7;-5
-13;-7;-6
-8;-1;-7
-16;-6;-10
-10;-7;-3
-4;-3;-1
-11;-2;-9
-8;-7;-1
-13;-10;-3
-10;-7;-3
-8;-3;-5
-15;-10;-5
-5;-4;-1
-8;-7;-1
-13;-6;-7
-9;-3;-6
-10;-3;-7
-16;-8;-8
-13;-3;-10
-6;-5;-1
-12;-7;-5
-14;-9;-5
-17;-9;-8
-6;-2;-4
-9;-2;-7
-13;-7;-6
-13;-6;-7
-15;-10;-5
-14;-8;-6
-10;-3;-7
-16;-10;-6
-11;-7;-4
-15;-7;-8
-5;-3;-2
-9;-2;-7
-13;-8;-5
-12;-6;-6
-9;-5;-4
-3;-2;-1
-11;-7;-4
-11;-5;-6
-10;-7;-3
-8;-3;-5
-12;-8;-4
-12;-3;-9
-14;-9;-5
-8;-2;-6
-6;-3;-3
-16;-6;-10
-12;-7;-5
-14;-5;-9
-14;-8;-6
-17;-7;-10
-13;-3;-10
-9;-1;-8
-12;-8;-4
-12;-8;-4
-6;-4;-2
-10;-6;-4
-9;-1;-8
-7;-5;-2
-12;-5;-7
-15;-5;-10
-4;-1;-3
-9;-8;-1
-19;-9;-10
-4;-1;-3
-5;-2;-3
-14;-7;-7
-16;-8;-8
-4;-3;-1
-16;-8;-8
-16;-7;-9
-13;-5;-8
-11;-4;-7
-5;-2;-3
-15;-9;-6
-10;-2;-8
-14;-7;-7
-12;-4;-8
-18;-10;-8
-5;-4;-1
-13;-5;-8
-11;-2;-9
-8;-2;-6
-18;-9;-9
-15;-10;-5
-10;-7;-3
-7;-3;-4
-5;-4;-1
-12;-3;-9
-15;-10;-5
-14;-8;-6
-15;-5;-10
-11;-1;-10
-13;-9;-4
-12;-9;-3
-7;-6;-1
-7;-6;-1
-8;-4;-4
-9;-2;-7
-14;-9;-5
-16;-10;-6
-18;-9;-9
-7;-5;-2
-8;-1;-7
-13;-8;-5
-12;-5;-7
-7;-5;-2
-8;-1;-7
-14;-10;-4
-10;-3;-7
-8;-5;-3
-11;-5;-6
-10;-8;-2
-16;-6;-10
-7;-1;-6
-8;-6;-2
-5;-2;-3
-16;-8;-8
-13;-5;-8
-6;-5;-1
-11;-4;-7
-7;-3;-4
-17;-9;-8
-13;-9;-4
-15;-6;-9
-13;-7;-6
-7;-3;-4
-11;-5;-6
-2;-1;-1
-8;-4;-4
-12;-7;-5
-16;-7;-9
-14;-6;-8
-8;-1;-7
-16;-7;-9
-16;-10;-6
-13;-4;-9
-8;-2;-6
-11;-10;-1
-8;-2;-6
-10;-4;-6
-12;-6;-6
-11;-8;-3
-13;-9;-4
-19;-9;-10
-12;-5;-7
-13;-5;-8
-11;-8;-3
-6;-4;-2
-14;-8;-6
-17;-7;-10
-11;-2;-9
-13;-4;-9
-13;-8;-5
-15;-7;-8
-13;-8;-5
-8;-6;-2
-11;-1;-10
-12;-6;-6
-4;-2;-2
-11;-3;-8
-19;-10;-9
-12;-6;-6
-8;-4;-4
-12;-10;-2
-10;-2;-8
-7;-1;-6
-15;-8;-7
-16;-10;-6
-12;-9;-3
-6;-5;-1
-15;-8;-7
-12;-2;-10
-16;-7;-9
-8;-2;-6
-10;-9;-1
-8;-5;-3
-12;-9;-3
-11;-3;-8
-13;-7;-6
-9;-6;-3
-10;-5;-5
-9;-8;-1
-16;-10;-6
-6;-5;-1
-9;-3;-6
-14;-8;-6
-18;-9;-9
-10;-5;-5
-15;-8;-7
-15;-9;-6
-11;-10;-1
-14;-6;-8
-9;-2;-7
-4;-2;-2
-7;-6;-1
-14;-9;-5
-6;-5;-1
-6;-4;-2
-6;-5;-1
-14;-8;-6
-11;-8;-3
-14;-7;-7
-13;-6;-7
-6;-5;-1
-9;-7;-2
-8;-5;-3
-11;-3;-8
-12;-6;-6
-11;-4;-7
-14;-8;-6
-16;-7;-9
-11;-4;-7
-14;-4;-10
-9;-1;-8
-2;-1;-1
-15;-7;-8
-14;-5;-9
-20;-10;-10
-10;-4;-6
-7;-1;-6
-17;-9;-8
-4;-3;-1
-9;-4;-5
-9;-2;-7
-11;-5;-6
-7;-4;-3
-5;-1;-4
-10;-2;-8
-5;-4;-1
-11;-4;-7
-10;-9;-1
-14;-6;-8
-14;-5;-9
-12;-9;-3
-12;-7;-5
-12;-9;-3
-19;-9;-10
-5;-2;-3
-8;-3;-5
-13;-7;-6
-12;-6;-6
-12;-10;-2
-17;-8;-9
-14;-8;-6
-13;-3;-10
-12;-2;-10
-11;-4;-7
-17;-8;-9
-13;-10;-3
-12;-5;-7
-7;-1;-6
-7;-4;-3
-17;-8;-9
-11;-7;-4
-18;-10;-8
-6;-5;-1
-16;-6;-10
-18;-9;-9
-15;-9;-6
-12;-2;-10
-6;-5;-1
-16;-7;-9
-3;-1;-2
-12;-3;-9
-12;-10;-2
-17;-10;-7
-12;-2;-10
-12;-4;-8
-17;-7;-10
-14;-7;-7
-4;-1;-3
-9;-1;-8
-8;-3;-5
-15;-9;-6
-9;-8;-1
-11;-9;-2
-15;-9;-6
-7;-2;-5
-7;-6;-1
-12;-2;-10
-16;-10;-6
-12;-10;-2
-12;-3;-9
-18;-9;-9
-16;-6;-10
-13;-5;-8
-2;-1;-1
-16;-9;-7
-11;-3;-8
-18;-10;-8
-10;-6;-4
-11;-6;-5
-10;-3;-7
-5;-3;-2
-11;-1;-10
-10;-4;-6
-7;-2;-5
-11;-1;-10
-18;-10;-8
-15;-8;-7
-5;-1;-4
-14;-10;-4
-9;-5;-4
-9;-5;-4
-8;-3;-5
-14;-5;-9
-10;-8;-2
-3;-2;-1
-15;-7;-8
-11;-6;-5
-8;-3;-5
-18;-10;-8
-2;-1;-1
-3;-1;-2
-10;-2;-8
-9;-2;-7
-15;-8;-7
-13;-5;-8
-11;-9;-2
-5;-2;-3
-9;-1;-8
-7;-2;-5
-17;-9;-8
-15;-6;-9
-7;-2;-5
-9;-6;-3
-15;-7;-8
-9;-5;-4
-13;-7;-6
-17;-7;-10
-15;-10;-5
-9;-7;-2
-6;-3;-3
-9;-8;-1
-6;-3;-3
-11;-9;-2
-9;-2;-7
-9;-7;-2
-7;-5;-2
-11;-6;-5
-7;-1;-6
-10;-5;-5
-12;-4;-8
-4;-1;-3
-17;-8;-9
-19;-10;-9
-10;-5;-5
-18;-10;-8
-14;-6;-8
-17;-10;-7
-19;-10;-9
-10;-3;-7
-20;-10;-10
-10;-4;-6
-9;-4;-5
-4;-3;-1
-16;-10;-6
-6;-3;-3
-3;-2;-1
-6;-2;-4
-16;-7;-9
-17;-7;-10
-12;-7;-5
-8;-7;-1
-19;-10;-9
-14;-7;-7
-18;-10;-8
-16;-7;-9
-9;-2;-7
-7;-4;-3
-11;-4;-7
-7;-2;-5
-18;-8;-10
-10;-3;-7
-19;-10;-9
-9;-1;-8
-10;-8;-2
-12;-8;-4
-14;-4;-10
-12;-4;-8
-14;-9;-5
-6;-3;-3
-17;-7;-10
-7;-3;-4
-15;-8;-7
-15;-9;-6
-6;-1;-5
-15;-9;-6
-9;-8;-1
-16;-8;-8
-16;-8;-8
-12;-9;-3
-10;-8;-2
-16;-8;-8
-8;-5;-3
-15;-7;-8
-11;-4;-7
-11;-3;-8
-17;-10;-7
-8;-7;-1
-10;-6;-4
-10;-3;-7
-17;-10;-7
-15;-7;-8
-12;-6;-6
-14;-9;-5
-6;-1;-5
-11;-7;-4
-11;-8;-3
-12;-2;-10
-6;-2;-4
-16;-9;-7
-10;-9;-1
-14;-7;-7
-14;-10;-4
-16;-9;-7
-12;-4;-8
-10;-7;-3
-4;-1;-3
-14;-6;-8
-18;-9;-9
-11;-10;-1
-16;-8;-8
-11;-1;-10
-18;-8;-10
-10;-8;-2
-14;-8;-6
-15;-9;-6
-11;-2;-9
-19;-10;-9
-13;-10;-3
-13;-4;-9
-12;-7;-5
-6;-2;-4
-16;-9;-7
-11;-6;-5
-7;-1;-6
-5;-2;-3
-11;-1;-10
-16;-7;-9
-16;-7;-9
-6;-1;-5
-11;-6;-5
-18;-10;-8
-9;-6;-3
-16;-9;-7
-18;-10;-8
-11;-5;-6
-10;-8;-2
-19;-9;-10
-11;-6;-5
-8;-3;-5
-12;-10;-2
-14;-10;-4
-8;-6;-2
-8;-7;-1
-11;-10;-1
-10;-6;-4
-13;-7;-6
-13;-9;-4
-8;-6;-2
-5;-3;-2
-7;-1;-6
-13;-4;-9
-8;-4;-4
-13;-4;-9
-10;-9;-1
-7;-5;-2
-11;-8;-3
-10;-7;-3
-5;-3;-2
-10;-2;-8
-3;-1;-2
-17;-7;-10
-9;-1;-8
-6;-5;-1
-9;-8;-1
-7;-4;-3
-17;-9;-8
-10;-4;-6
-7;-5;-2
-19;-10;-9
-9;-3;-6
-15;-5;-10
-12;-3;-9
-3;-2;-1
-13;-7;-6
-13;-9;-4
-10;-8;-2
-7;-4;-3
-12;-8;-4
-17;-8;-9
-9;-8;-1
-5;-4;-1
-10;-2;-8
-13;-8;-5
-10;-8;-2
-10;-9;-1
-5;-1;-4
-19;-10;-9
-17;-7;-10
-3;-1;-2
-10;-8;-2
-13;-7;-6
-4;-2;-2
-6;-2;-4
-7;-5;-2
-11;-1;-10
-3;-2;-1
-11;-3;-8
-10;-8;-2
-14;-4;-10
-13;-4;-9
-9;-4;-5
-12;-6;-6
-8;-3;-5
-15;-9;-6
-7;-1;-6
-11;-3;-8
-12;-10;-2
-6;-5;-1
-13;-8;-5
-11;-5;-6
-9;-2;-7
-12;-5;-7
-15;-10;-5
-6;-3;-3
-8;-2;-6
-6;-4;-2
-5;-1;-4
-6;-1;-5
-11;-2;-9
-9;-3;-6
-6;-1;-5
-7;-5;-2
-11;-8;-3
-8;-5;-3
-16;-8;-8
-10;-6;-4
-15;-9;-6
-8;-1;-7
-10;-9;-1
-14;-7;-7
-18;-8;-10
-14;-10;-4
-10;-5;-5
-8;-6;-2
-8;-1;-7
-19;-9;-10
-6;-4;-2
-13;-9;-4
-10;-9;-1
-5;-4;-1
-11;-9;-2
-11;-4;-7
-7;-5;-2
-4;-3;-1
-12;-3;-9
-11;-1;-10
-10;-8;-2
-19;-9;-10
-12;-8;-4
-10;-1;-9
-11;-9;-2
-7;-3;-4
-5;-4;-1
-7;-5;-2
-14;-5;-9
-7;-1;-6
-10;-1;-9
-12;-7;-5
-9;-4;-5
-18;-8;-10
-14;-6;-8
-15;-9;-6
-12;-8;-4
-8;-4;-4
-9;-4;-5
-9;-8;-1
-12;-5;-7
-15;-10;-5
-5;-3;-2
-3;-1;-2
-17;-9;-8
-19;-9;-10
-10;-3;-7
-8;-7;-1
-4;-2;-2
-19;-9;-10
-8;-3;-5
-12;-2;-10
-12;-3;-9
-16;-7;-9
-11;-7;-4
-6;-3;-3
-10;-1;-9
-5;-3;-2
-6;-3;-3
-14;-5;-9
-8;-6;-2
-5;-4;-1
-9;-3;-6
-9;-1;-8
-9;-5;-4
-11;-2;-9
-12;-6;-6
-5;-3;-2
-19;-10;-9
-19;-10;-9
-15;-6;-9
-16;-10;-6
-3;-1;-2
-15;-6;-9
-4;-1;-3
-6;-2;-4
-9;-7;-2
-7;-6;-1
-9;-7;-2
-13;-5;-8
-11;-10;-1
-3;-1;-2
-18;-9;-9
-11;-1;-10
-14;-8;-6
-16;-10;-6
-10;-7;-3
-13;-3;-10
-4;-1;-3
-7;-4;-3
-9;-4;-5
-7;-6;-1
-4;-2;-2
-11;-2;-9
-18;-10;-8
-11;-8;-3
-18;-8;-10
-15;-10;-5
-19;-9;-10
-9;-4;-5
-3;-1;-2
-18;-9;-9
-7;-3;-4
-3;-2;-1
-15;-6;-9
-8;-5;-3
-13;-8;-5
-12;-8;-4
-13;-5;-8
-9;-5;-4
-4;-1;-3
-16;-8;-8
-13;-9;-4
-3;-1;-2
-8;-4;-4
-14;-6;-8
-7;-6;-1
-16;-7;-9
-14;-6;-8
-10;-1;-9
-14;-10;-4
-6;-2;-4
-14;-8;-6
-19;-9;-10
-14;-7;-7
-4;-2;-2
-13;-7;-6
-15;-6;-9
-14;-9;-5
-16;-7;-9
-8;-1;-7
-7;-5;-2
-11;-2;-9
-7;-5;-2
-6;-2;-4
-7;-5;-2
-5;-3;-2
-11;-2;-9
-9;-2;-7
-5;-2;-3
-10;-8;-2
-13;-6;-7
-11;-3;-8
-4;-3;-1
-19;-9;-10
